w3_s1 2 1 1 1 1 1 0 1 3 1 2 1 1 1 1 0 0 0 0 0 0
w4_s1 2 1 1 1 1 1 0 1 4 1 2 1 1 1 1 0 0 0 0 0 0
w5_s1 2 1 1 1 1 1 0 1 5 1 2 1 1 1 1 0 0 0 0 0 0
w8_s1 2 1 1 1 1 1 0 1 8 1 2 1 1 1 1 0 0 0 0 0 0
w3_s2 2 1 1 1 1 1 0 1 3 1 2 1 2 1 1 0 0 0 0 0 0
w4_s2 2 1 1 1 1 1 0 1 4 1 2 1 2 1 1 0 0 0 0 0 0
w5_s2 2 1 1 1 1 1 0 1 5 1 2 1 2 1 1 0 0 0 0 0 0
w8_s2 2 1 1 1 1 1 0 1 8 1 2 1 2 1 1 0 0 0 0 0 0
w3_s3 2 1 1 1 1 1 0 1 3 1 2 1 3 1 1 0 0 0 0 0 0
w4_s3 2 1 1 1 1 1 0 1 4 1 2 1 3 1 1 0 0 0 0 0 0
w5_s3 2 1 1 1 1 1 0 1 5 1 2 1 3 1 1 0 0 0 0 0 0
w8_s3 2 1 1 1 1 1 0 1 8 1 2 1 3 1 1 0 0 0 0 0 0
large_kernel_small_input 2 1 1 1 1 1 0 1 4 1 7 1 1 1 1 0 0 0 0 0 0
