d2_0_0 2 1 6 9 3 1 0 6 7 1 1 1 1 1 1 0 0 0 0 0 0
d2_0_1 2 1 6 9 3 1 1 6 7 1 1 1 1 1 1 0 0 0 0 0 0
d2_1_0 2 2 4 6 2 0 0 8 8 1 1 1 1 1 1 0 0 0 0 0 0
d2_1_1 2 2 4 6 2 0 1 8 8 1 1 1 1 1 1 0 0 0 0 0 0
d2_2_0 2 1 4 6 2 1 0 7 7 1 1 1 1 1 1 0 0 0 0 0 0
d2_2_1 2 1 4 6 2 1 1 7 7 1 1 1 1 1 1 0 0 0 0 0 0
d2_3_0 2 2 6 9 3 0 0 4 3 1 1 1 1 1 1 0 0 0 0 0 0
d2_3_1 2 2 6 9 3 0 1 4 3 1 1 1 1 1 1 0 0 0 0 0 0
d2_4_0 2 1 4 6 2 1 0 5 4 1 1 1 1 1 1 0 0 0 0 0 0
d2_4_1 2 1 4 6 2 1 1 5 4 1 1 1 1 1 1 0 0 0 0 0 0
d2_5_0 2 2 4 6 2 0 0 8 3 1 1 1 1 1 1 0 0 0 0 0 0
d2_5_1 2 2 4 6 2 0 1 8 3 1 1 1 1 1 1 0 0 0 0 0 0
d2_6_0 2 1 6 9 3 1 0 8 8 1 1 2 2 2 2 0 0 0 1 0 1
d2_6_1 2 1 6 9 3 1 1 8 8 1 1 2 2 2 2 0 0 0 1 0 1
d2_7_0 2 2 4 6 2 0 0 8 4 3 2 1 2 1 2 1 0 1 1 0 1
d2_7_1 2 2 4 6 2 0 1 8 4 3 2 1 2 1 2 1 0 1 1 0 1
d2_8_0 2 1 4 6 2 1 0 2 7 1 3 3 1 1 1 0 1 0 1 1 0
d2_8_1 2 1 4 6 2 1 1 2 7 1 3 3 1 1 1 0 1 0 1 1 0
d2_9_0 2 2 6 9 3 0 0 2 3 3 1 3 2 2 1 0 0 1 1 2 0
d2_9_1 2 2 6 9 3 0 1 2 3 3 1 3 2 2 1 0 0 1 1 2 0
d2_10_0 2 1 4 6 2 1 0 8 8 4 2 3 1 2 1 1 1 0 0 0 0
d2_10_1 2 1 4 6 2 1 1 8 8 4 2 3 1 2 1 1 1 0 0 0 0
d2_11_0 2 2 4 6 2 0 0 8 7 1 4 3 2 2 2 0 1 0 1 0 1
d2_11_1 2 2 4 6 2 0 1 8 7 1 4 3 2 2 2 0 1 0 1 0 1
d2_12_0 2 1 6 9 3 1 0 8 2 1 2 2 2 1 2 1 1 1 1 1 1
d2_12_1 2 1 6 9 3 1 1 8 2 1 2 2 2 1 2 1 1 1 1 1 1
d2_13_0 2 2 4 6 2 0 0 3 8 3 3 2 3 2 2 0 1 0 1 1 1
d2_13_1 2 2 4 6 2 0 1 3 8 3 3 2 3 2 2 0 1 0 1 1 1
d2_14_0 2 1 4 6 2 1 0 3 8 1 4 3 1 2 2 1 1 0 1 2 0
d2_14_1 2 1 4 6 2 1 1 3 8 1 4 3 1 2 2 1 1 0 1 2 0
d2_15_0 2 2 6 9 3 0 0 3 8 3 2 1 3 2 2 1 0 0 1 0 2
d2_15_1 2 2 6 9 3 0 1 3 8 3 2 1 3 2 2 1 0 0 1 0 2
d2_16_0 2 1 4 6 2 1 0 4 4 4 2 1 2 2 1 0 0 1 0 0 1
d2_16_1 2 1 4 6 2 1 1 4 4 4 2 1 2 2 1 0 0 1 0 0 1
d2_17_0 2 2 4 6 2 0 0 3 2 1 3 3 1 2 1 0 0 1 0 0 0
d2_17_1 2 2 4 6 2 0 1 3 2 1 3 3 1 2 1 0 0 1 0 0 0
d2_18_0 2 1 6 9 3 1 0 8 2 1 2 1 1 1 1 1 0 1 0 0 0
d2_18_1 2 1 6 9 3 1 1 8 2 1 2 1 1 1 1 1 0 1 0 0 0
d2_19_0 2 2 4 6 2 0 0 3 7 3 2 2 1 2 2 0 1 0 0 0 0
d2_19_1 2 2 4 6 2 0 1 3 7 3 2 2 1 2 2 0 1 0 0 0 0
d2_20_0 2 1 4 6 2 1 0 3 7 4 2 3 2 2 2 0 1 1 0 2 1
d2_20_1 2 1 4 6 2 1 1 3 7 4 2 3 2 2 2 0 1 1 0 2 1
d2_21_0 2 2 6 9 3 0 0 4 6 2 2 2 2 2 2 0 0 0 0 1 1
d2_21_1 2 2 6 9 3 0 1 4 6 2 2 2 2 2 2 0 0 0 0 1 1
d2_22_0 2 1 4 6 2 1 0 6 5 3 1 1 1 1 2 1 0 1 1 0 0
d2_22_1 2 1 4 6 2 1 1 6 5 3 1 1 1 1 2 1 0 1 1 0 0
d2_23_0 2 2 4 6 2 0 0 7 5 3 2 3 2 1 1 1 0 1 0 0 0
d2_23_1 2 2 4 6 2 0 1 7 5 3 2 3 2 1 1 1 0 1 0 0 0
d2_24_0 2 1 6 9 3 1 0 6 3 1 4 1 2 2 1 0 0 0 1 0 0
d2_24_1 2 1 6 9 3 1 1 6 3 1 4 1 2 2 1 0 0 0 1 0 0
d2_25_0 2 2 4 6 2 0 0 4 3 3 3 1 2 2 1 0 0 0 0 0 0
d2_25_1 2 2 4 6 2 0 1 4 3 3 3 1 2 2 1 0 0 0 0 0 0
d2_26_0 2 1 4 6 2 1 0 3 5 4 2 2 2 2 1 1 0 1 0 0 0
d2_26_1 2 1 4 6 2 1 1 3 5 4 2 2 2 2 1 1 0 1 0 0 0
d2_27_0 2 2 6 9 3 0 0 7 3 3 4 2 2 2 1 1 1 0 0 0 1
d2_27_1 2 2 6 9 3 0 1 7 3 3 4 2 2 2 1 1 1 0 0 0 1
d2_28_0 2 1 4 6 2 1 0 3 4 4 2 2 1 2 1 1 0 1 0 1 0
d2_28_1 2 1 4 6 2 1 1 3 4 4 2 2 1 2 1 1 0 1 0 1 0
d2_29_0 2 2 4 6 2 0 0 5 3 1 3 3 2 1 1 1 1 0 1 1 1
d2_29_1 2 2 4 6 2 0 1 5 3 1 3 3 2 1 1 1 1 0 1 1 1
d2_30_0 2 1 6 9 3 1 0 3 5 4 3 2 2 1 2 0 1 0 0 1 0
d2_30_1 2 1 6 9 3 1 1 3 5 4 3 2 2 1 2 0 1 0 0 1 0
d2_31_0 2 2 4 6 2 0 0 6 7 3 2 2 2 2 2 0 1 0 0 0 1
d2_31_1 2 2 4 6 2 0 1 6 7 3 2 2 2 2 2 0 1 0 0 0 1
d2_32_0 2 1 4 6 2 1 0 5 6 2 3 1 1 2 1 1 0 1 0 0 0
d2_32_1 2 1 4 6 2 1 1 5 6 2 3 1 1 2 1 1 0 1 0 0 0
d2_33_0 2 2 6 9 3 0 0 3 7 3 4 2 3 2 1 1 0 0 1 1 0
d2_33_1 2 2 6 9 3 0 1 3 7 3 4 2 3 2 1 1 0 0 1 1 0
d2_34_0 2 1 4 6 2 1 0 4 5 1 2 2 2 1 2 0 1 1 1 0 0
d2_34_1 2 1 4 6 2 1 1 4 5 1 2 2 2 1 2 0 1 1 1 0 0
d2_35_0 2 2 4 6 2 0 0 5 8 4 4 3 3 2 1 0 1 0 0 0 0
d2_35_1 2 2 4 6 2 0 1 5 8 4 4 3 3 2 1 0 1 0 0 0 0
d2_36_0 2 1 6 9 3 1 0 5 2 2 2 1 3 1 1 1 1 0 0 0 2
d2_36_1 2 1 6 9 3 1 1 5 2 2 2 1 3 1 1 1 1 0 0 0 2
d2_37_0 2 2 4 6 2 0 0 6 8 2 1 2 1 2 2 0 1 0 0 1 0
d2_37_1 2 2 4 6 2 0 1 6 8 2 1 2 1 2 2 0 1 0 0 1 0
d2_38_0 2 1 4 6 2 1 0 8 4 3 2 3 1 2 2 0 1 0 1 1 0
d2_38_1 2 1 4 6 2 1 1 8 4 3 2 3 1 2 2 0 1 0 1 1 0
d2_39_0 2 2 6 9 3 0 0 5 7 4 2 2 1 2 2 1 1 0 0 0 0
d2_39_1 2 2 6 9 3 0 1 5 7 4 2 2 1 2 2 1 1 0 0 0 0
d2_40_0 2 1 4 6 2 1 0 7 5 1 1 2 3 2 2 0 1 1 1 0 0
d2_40_1 2 1 4 6 2 1 1 7 5 1 1 2 3 2 2 0 1 1 1 0 0
d2_41_0 2 2 4 6 2 0 0 6 8 1 1 1 2 1 2 1 1 0 0 0 0
d2_41_1 2 2 4 6 2 0 1 6 8 1 1 1 2 1 2 1 1 0 0 0 0
d2_42_0 2 1 6 9 3 1 0 2 8 3 1 1 3 2 2 1 0 0 1 0 0
d2_42_1 2 1 6 9 3 1 1 2 8 3 1 1 3 2 2 1 0 0 1 0 0
d2_43_0 2 2 4 6 2 0 0 8 3 2 2 3 3 2 2 0 1 1 1 2 0
d2_43_1 2 2 4 6 2 0 1 8 3 2 2 3 3 2 2 0 1 1 1 2 0
d2_44_0 2 1 4 6 2 1 0 6 3 4 4 3 1 1 2 1 1 0 0 0 0
d2_44_1 2 1 4 6 2 1 1 6 3 4 4 3 1 1 2 1 1 0 0 0 0
d2_45_0 2 2 6 9 3 0 0 7 8 3 3 2 3 2 2 1 1 0 0 1 1
d2_45_1 2 2 6 9 3 0 1 7 8 3 3 2 3 2 2 1 1 0 0 1 1
d2_46_0 2 1 4 6 2 1 0 4 7 1 1 1 3 1 2 1 1 1 1 0 1
d2_46_1 2 1 4 6 2 1 1 4 7 1 1 1 3 1 2 1 1 1 1 0 1
d2_47_0 2 2 4 6 2 0 0 7 7 1 4 2 3 1 2 0 1 1 1 1 1
d2_47_1 2 2 4 6 2 0 1 7 7 1 4 2 3 1 2 0 1 1 1 1 1
d3_0_0 3 1 6 9 3 1 0 5 3 6 1 1 1 1 1 1 1 1 1 0 0 0 0 0 0 0 0 0
d3_0_1 3 1 6 9 3 1 1 5 3 6 1 1 1 1 1 1 1 1 1 0 0 0 0 0 0 0 0 0
d3_1_0 3 2 4 6 2 0 0 5 7 5 1 1 1 1 1 1 1 1 1 0 0 0 0 0 0 0 0 0
d3_1_1 3 2 4 6 2 0 1 5 7 5 1 1 1 1 1 1 1 1 1 0 0 0 0 0 0 0 0 0
d3_2_0 3 1 4 6 2 1 0 5 4 3 1 1 1 1 1 1 1 1 1 0 0 0 0 0 0 0 0 0
d3_2_1 3 1 4 6 2 1 1 5 4 3 1 1 1 1 1 1 1 1 1 0 0 0 0 0 0 0 0 0
d3_3_0 3 2 6 9 3 0 0 2 2 8 1 1 1 1 1 1 1 1 1 0 0 0 0 0 0 0 0 0
d3_3_1 3 2 6 9 3 0 1 2 2 8 1 1 1 1 1 1 1 1 1 0 0 0 0 0 0 0 0 0
d3_4_0 3 1 4 6 2 1 0 4 4 6 1 1 1 1 1 1 1 1 1 0 0 0 0 0 0 0 0 0
d3_4_1 3 1 4 6 2 1 1 4 4 6 1 1 1 1 1 1 1 1 1 0 0 0 0 0 0 0 0 0
d3_5_0 3 2 4 6 2 0 0 8 8 4 1 1 1 1 1 1 1 1 1 0 0 0 0 0 0 0 0 0
d3_5_1 3 2 4 6 2 0 1 8 8 4 1 1 1 1 1 1 1 1 1 0 0 0 0 0 0 0 0 0
d3_6_0 3 1 6 9 3 1 0 2 3 5 4 2 1 3 1 1 1 1 2 0 1 1 1 0 0 2 0 0
d3_6_1 3 1 6 9 3 1 1 2 3 5 4 2 1 3 1 1 1 1 2 0 1 1 1 0 0 2 0 0
d3_7_0 3 2 4 6 2 0 0 4 6 6 4 3 4 2 1 2 2 1 2 1 1 1 1 0 0 1 0 1
d3_7_1 3 2 4 6 2 0 1 4 6 6 4 3 4 2 1 2 2 1 2 1 1 1 1 0 0 1 0 1
d3_8_0 3 1 4 6 2 1 0 5 3 4 3 4 3 3 3 3 1 1 1 1 0 1 0 1 1 1 0 1
d3_8_1 3 1 4 6 2 1 1 5 3 4 3 4 3 3 3 3 1 1 1 1 0 1 0 1 1 1 0 1
d3_9_0 3 2 6 9 3 0 0 6 7 7 3 4 4 2 3 2 2 1 1 0 0 1 1 0 1 0 2 0
d3_9_1 3 2 6 9 3 0 1 6 7 7 3 4 4 2 3 2 2 1 1 0 0 1 1 0 1 0 2 0
d3_10_0 3 1 4 6 2 1 0 2 7 2 2 4 2 2 1 2 1 1 1 1 1 1 1 0 1 1 0 0
d3_10_1 3 1 4 6 2 1 1 2 7 2 2 4 2 2 1 2 1 1 1 1 1 1 1 0 1 1 0 0
d3_11_0 3 2 4 6 2 0 0 4 5 5 3 3 1 3 2 2 2 1 1 1 1 0 1 0 0 2 0 0
d3_11_1 3 2 4 6 2 0 1 4 5 5 3 3 1 3 2 2 2 1 1 1 1 0 1 0 0 2 0 0
d3_12_0 3 1 6 9 3 1 0 6 5 8 4 4 4 1 2 1 2 2 2 1 1 0 1 1 1 0 0 0
d3_12_1 3 1 6 9 3 1 1 6 5 8 4 4 4 1 2 1 2 2 2 1 1 0 1 1 1 0 0 0
d3_13_0 3 2 4 6 2 0 0 7 7 4 1 3 1 3 1 3 1 1 2 1 0 0 0 1 1 1 0 0
d3_13_1 3 2 4 6 2 0 1 7 7 4 1 3 1 3 1 3 1 1 2 1 0 0 0 1 1 1 0 0
d3_14_0 3 1 4 6 2 1 0 8 4 4 4 2 1 3 3 1 2 2 1 0 0 0 0 1 0 1 2 0
d3_14_1 3 1 4 6 2 1 1 8 4 4 4 2 1 3 3 1 2 2 1 0 0 0 0 1 0 1 2 0
d3_15_0 3 2 6 9 3 0 0 4 8 2 2 2 2 1 3 2 1 2 2 0 0 0 1 1 0 0 0 1
d3_15_1 3 2 6 9 3 0 1 4 8 2 2 2 2 1 3 2 1 2 2 0 0 0 1 1 0 0 0 1
d3_16_0 3 1 4 6 2 1 0 8 5 6 2 4 1 3 2 1 1 2 2 0 0 1 0 0 0 0 0 0
d3_16_1 3 1 4 6 2 1 1 8 5 6 2 4 1 3 2 1 1 2 2 0 0 1 0 0 0 0 0 0
d3_17_0 3 2 4 6 2 0 0 3 3 6 3 2 2 2 1 3 2 2 2 1 0 1 0 0 1 1 0 1
d3_17_1 3 2 4 6 2 0 1 3 3 6 3 2 2 2 1 3 2 2 2 1 0 1 0 0 1 1 0 1
d3_18_0 3 1 6 9 3 1 0 2 6 3 2 2 4 3 3 3 1 1 1 0 0 1 1 1 1 0 0 0
d3_18_1 3 1 6 9 3 1 1 2 6 3 2 2 4 3 3 3 1 1 1 0 0 1 1 1 1 0 0 0
d3_19_0 3 2 4 6 2 0 0 6 4 3 2 4 3 2 2 3 1 2 1 1 1 0 1 0 1 1 0 1
d3_19_1 3 2 4 6 2 0 1 6 4 3 2 4 3 2 2 3 1 2 1 1 1 0 1 0 1 1 0 1
d3_20_0 3 1 4 6 2 1 0 3 3 4 3 1 3 3 1 3 2 1 1 1 0 0 0 1 0 0 0 2
d3_20_1 3 1 4 6 2 1 1 3 3 4 3 1 3 3 1 3 2 1 1 1 0 0 0 1 0 0 0 2
d3_21_0 3 2 6 9 3 0 0 6 4 3 2 3 3 1 3 1 2 1 2 0 1 0 1 1 1 0 1 0
d3_21_1 3 2 6 9 3 0 1 6 4 3 2 3 3 1 3 1 2 1 2 0 1 0 1 1 1 0 1 0
d3_22_0 3 1 4 6 2 1 0 2 2 6 2 2 2 1 3 3 2 2 1 0 1 1 0 0 0 0 2 0
d3_22_1 3 1 4 6 2 1 1 2 2 6 2 2 2 1 3 3 2 2 1 0 1 1 0 0 0 0 2 0
d3_23_0 3 2 4 6 2 0 0 3 2 2 3 1 4 2 1 2 1 1 1 0 0 0 1 0 0 1 0 1
d3_23_1 3 2 4 6 2 0 1 3 2 2 3 1 4 2 1 2 1 1 1 0 0 0 1 0 0 1 0 1
d3_24_0 3 1 6 9 3 1 0 5 6 7 4 4 2 2 3 1 2 2 2 1 1 0 1 0 1 0 2 0
d3_24_1 3 1 6 9 3 1 1 5 6 7 4 4 2 2 3 1 2 2 2 1 1 0 1 0 1 0 2 0
d3_25_0 3 2 4 6 2 0 0 8 4 7 1 1 1 2 2 3 2 1 2 1 1 1 0 0 0 1 1 2
d3_25_1 3 2 4 6 2 0 1 8 4 7 1 1 1 2 2 3 2 1 2 1 1 1 0 0 0 1 1 2
d3_26_0 3 1 4 6 2 1 0 3 3 7 3 1 1 3 2 3 1 1 2 0 0 0 0 1 0 0 1 2
d3_26_1 3 1 4 6 2 1 1 3 3 7 3 1 1 3 2 3 1 1 2 0 0 0 0 1 0 0 1 2
d3_27_0 3 2 6 9 3 0 0 8 6 7 4 1 2 3 2 1 1 2 2 0 1 1 0 0 1 0 1 0
d3_27_1 3 2 6 9 3 0 1 8 6 7 4 1 2 3 2 1 1 2 2 0 1 1 0 0 1 0 1 0
d3_28_0 3 1 4 6 2 1 0 7 8 8 3 1 2 1 1 3 2 1 1 0 1 1 0 1 0 0 0 0
d3_28_1 3 1 4 6 2 1 1 7 8 8 3 1 2 1 1 3 2 1 1 0 1 1 0 1 0 0 0 0
d3_29_0 3 2 4 6 2 0 0 5 4 5 1 2 4 1 3 2 1 1 1 0 0 0 0 0 1 0 2 1
d3_29_1 3 2 4 6 2 0 1 5 4 5 1 2 4 1 3 2 1 1 1 0 0 0 0 0 1 0 2 1
d3_30_0 3 1 6 9 3 1 0 2 2 6 2 2 1 2 1 3 1 2 1 1 0 1 0 0 0 0 0 2
d3_30_1 3 1 6 9 3 1 1 2 2 6 2 2 1 2 1 3 1 2 1 1 0 1 0 0 0 0 0 2
d3_31_0 3 2 4 6 2 0 0 4 4 8 3 1 3 2 2 1 2 1 2 1 1 1 1 0 1 1 1 0
d3_31_1 3 2 4 6 2 0 1 4 4 8 3 1 3 2 2 1 2 1 2 1 1 1 1 0 1 1 1 0
d3_32_0 3 1 4 6 2 1 0 8 4 6 2 3 4 3 3 2 1 2 1 0 0 0 1 1 1 1 0 1
d3_32_1 3 1 4 6 2 1 1 8 4 6 2 3 4 3 3 2 1 2 1 0 0 0 1 1 1 1 0 1
d3_33_0 3 2 6 9 3 0 0 4 6 6 4 2 3 3 2 2 1 2 1 0 0 0 1 1 1 2 0 1
d3_33_1 3 2 6 9 3 0 1 4 6 6 4 2 3 3 2 2 1 2 1 0 0 0 1 1 1 2 0 1
d3_34_0 3 1 4 6 2 1 0 5 3 3 1 4 1 2 3 3 1 1 2 1 0 1 0 1 1 0 1 0
d3_34_1 3 1 4 6 2 1 1 5 3 3 1 4 1 2 3 3 1 1 2 1 0 1 0 1 1 0 1 0
d3_35_0 3 2 4 6 2 0 0 5 2 7 1 2 1 2 1 2 1 1 1 1 1 0 0 0 1 0 0 0
d3_35_1 3 2 4 6 2 0 1 5 2 7 1 2 1 2 1 2 1 1 1 1 1 0 0 0 1 0 0 0
d3_36_0 3 1 6 9 3 1 0 8 5 2 1 2 1 1 3 2 2 2 1 1 1 0 0 1 0 0 0 0
d3_36_1 3 1 6 9 3 1 1 8 5 2 1 2 1 1 3 2 2 2 1 1 1 0 0 1 0 0 0 0
d3_37_0 3 2 4 6 2 0 0 7 6 4 1 1 1 3 3 2 2 1 1 1 1 1 1 1 0 1 1 1
d3_37_1 3 2 4 6 2 0 1 7 6 4 1 1 1 3 3 2 2 1 1 1 1 1 1 1 0 1 1 1
d3_38_0 3 1 4 6 2 1 0 3 8 2 2 3 3 2 3 2 1 2 1 1 1 0 0 0 0 0 2 1
d3_38_1 3 1 4 6 2 1 1 3 8 2 2 3 3 2 3 2 1 2 1 1 1 0 0 0 0 0 2 1
d3_39_0 3 2 6 9 3 0 0 5 6 7 3 2 2 2 2 2 2 2 1 0 0 1 0 0 1 1 0 1
d3_39_1 3 2 6 9 3 0 1 5 6 7 3 2 2 2 2 2 2 2 1 0 0 1 0 0 1 1 0 1
d3_40_0 3 1 4 6 2 1 0 6 8 7 1 1 3 1 1 1 1 2 2 0 1 0 1 1 0 0 0 0
d3_40_1 3 1 4 6 2 1 1 6 8 7 1 1 3 1 1 1 1 2 2 0 1 0 1 1 0 0 0 0
d3_41_0 3 2 4 6 2 0 0 6 5 3 4 1 2 3 3 3 1 2 2 1 0 1 0 1 1 2 1 0
d3_41_1 3 2 4 6 2 0 1 6 5 3 4 1 2 3 3 3 1 2 2 1 0 1 0 1 1 2 1 0
d3_42_0 3 1 6 9 3 1 0 4 3 4 1 2 4 1 2 2 2 1 1 0 1 0 1 1 0 0 0 0
d3_42_1 3 1 6 9 3 1 1 4 3 4 1 2 4 1 2 2 2 1 1 0 1 0 1 1 0 0 0 0
d3_43_0 3 2 4 6 2 0 0 4 3 7 3 2 3 3 3 1 1 2 2 1 1 1 1 0 1 0 0 0
d3_43_1 3 2 4 6 2 0 1 4 3 7 3 2 3 3 3 1 1 2 2 1 1 1 1 0 1 0 0 0
d3_44_0 3 1 4 6 2 1 0 5 7 3 2 2 3 3 3 1 2 1 2 1 1 1 0 0 0 0 1 0
d3_44_1 3 1 4 6 2 1 1 5 7 3 2 2 3 3 3 1 2 1 2 1 1 1 0 0 0 0 1 0
d3_45_0 3 2 6 9 3 0 0 3 6 6 4 1 2 3 2 3 1 2 1 0 0 1 1 1 0 0 0 0
d3_45_1 3 2 6 9 3 0 1 3 6 6 4 1 2 3 2 3 1 2 1 0 0 1 1 1 0 0 0 0
d3_46_0 3 1 4 6 2 1 0 3 7 8 4 3 4 3 3 3 2 1 2 1 0 1 0 0 0 1 0 1
d3_46_1 3 1 4 6 2 1 1 3 7 8 4 3 4 3 3 3 2 1 2 1 0 1 0 0 0 1 0 1
d3_47_0 3 2 4 6 2 0 0 8 2 2 4 1 2 1 1 3 2 2 1 1 0 0 1 1 1 0 0 2
d3_47_1 3 2 4 6 2 0 1 8 2 2 4 1 2 1 1 3 2 2 1 1 0 0 1 1 1 0 0 2
